0.7712636459089226 0.5115064161608335 7.067420903987215
0.42188023781341466 0.7015549809889787 1.7254532046330107
0.8476543227069421 2.5647523566809 7.8531810527586
0.4729133260607624 4.924517822583291 2.150111312280123
0.926977281202314 4.521859790123169 4.44889152714744
0.6734618875343625 1.0659503687766037 3.5309649287484435
0.10256278758316528 2.668686821460289 9.270505088475476
0.29473359752031847 0.028200207508498054 3.700298932290127
0.5482699580223234 3.246463495074497 5.3722322445384085
0.5738997526686306 1.7227736793918902 7.923907397767388
0.17126624950202585 1.0330170496850828 8.219613977253216
0.2858857831496783 0.16990401340672812 9.382922637500315
0.2654372604054821 2.9755280413975487 3.8704251281002664
0.02496501964797493 0.10463018010489322 3.1535107084202654
0.5197114479962988 3.381707172027534 6.454408449281055
0.7560580267463168 2.5486251318937136 1.4430694466705563
0.08222709500001268 0.6504885475230682 9.925330135261634
0.3382152106108509 2.1941899401985276 7.983411519936945
0.6625361354839339 3.8813032350544403 2.4449688109721124
0.8109031186364609 2.0472014550146147 9.882748117569
0.6073746375363278 0.2868909448715823 3.7571666340058996
0.8999959153414789 3.2724521112521208 4.949942763735889
0.796792756758406 4.850832460536026 2.774240896877971
0.4890659713765091 1.3993716980406878 1.2133137926825532
0.45213378426918416 4.760257960703921 2.9152268904411462
0.3881397355931121 2.811077160671274 4.137876253805064
0.15188286913491733 0.5814413101295873 4.463825892063138
0.8662349388499074 4.325710876706612 5.7930594990427045
0.9838284999630548 2.9518746267399454 0.8131791400436794
0.35626550194390927 2.4989980322845207 3.5292812755653435
0.128422573847649 4.65554654242824 8.29611679384207
0.5358993304500242 2.589321884023411 9.134567916973943
0.059176885581385674 4.454098642874012 3.3041512744126997
0.21686011101319858 0.2181576261737489 4.148171501193373
0.6356583374074828 1.0477104102798662 3.430488521703765
0.35322207721487764 1.0599911493276077 4.91213055911933
0.6635961201802094 3.789252348668093 4.889947633189138
0.5743781308758881 4.438580566621012 4.497456488730332
0.2408807994344725 3.5419034325308463 5.613734806327264
0.14097117159178596 0.07132357097905662 9.836517903223424
0.8773664813928708 4.733735768188561 6.526058332242347
0.16998459047909042 0.06783577827651543 6.973561258354466
0.7152339473781585 3.168091577970963 7.155754244045153
0.69559457072494 4.616192659625166 7.792897707354217
0.5589884639963387 2.510733618502104 1.2589329637412527
0.8649574613099553 2.6553234762765143 9.551446449595987
0.09327451499374906 4.2317873583300205 1.5875122272491393
0.5564245834822633 2.415384157144187 7.883681227991113
0.12391136076341935 4.259560659077998 1.6560726767820644
0.6671468646087383 2.5301164378337555 2.903644633068485
0.7743970540367572 2.9891971267655855 4.00094139089412
0.6265313468448342 4.389870261582165 1.8209458260059208
0.06596928605841335 3.261805436268825 1.6169286089241508
0.4958482447766337 1.415398017882552 6.495556465715905
0.470652805424311 2.3717304817269276 3.0378179602387934
0.20310559021616803 0.9707150869675552 6.501347871276217
0.5495840121741375 2.970622351733211 3.9206247460066335
0.520140616327045 0.45584132005346334 8.55311326352439
0.9834060739193206 0.9117566052021947 2.8724855371836853
0.49520749952854404 0.08365744714217527 7.163998750539936
0.940444552078833 2.8955400424275286 1.8025791626490728
0.8558210548249707 1.0777627156298608 7.796753614977074
0.7504778929293865 3.1791254682242465 5.851941794163134
0.5954737344918947 3.258522903581637 1.032247482307156
0.8248191303550613 1.4770829756987442 1.396098596455786
0.5900638396604398 3.059848330243339 0.018002903119421765
0.28474832684327644 4.800078155754707 6.038723000669014
0.08800256151016228 3.1392017375924324 0.9822115507725082
0.24336287766224196 1.6483539585174407 6.846593807051512
0.5746281526633215 2.1253484498347963 7.493496424855106
0.5577731182659085 0.21098791512118298 1.6753500551592104
0.2002102319170742 1.520129558641431 3.9026127346498307
0.6882820237545723 4.835534898908602 7.539899976288972
0.6789047256655655 2.541422520543997 8.459580796449224
0.6886782686581433 0.4809006429860996 0.08074307647493506
0.9742104072903053 1.3519949549764738 9.044472750887053
0.9391040787754001 2.696915296855669 4.505697917665028
0.35744093339744776 4.237919261706054 2.6874594256273356
0.059615605003752625 3.9904696096126187 2.7525804965721132
0.9229889479026969 3.681503755457383 8.205540820339227
0.5462896753211024 4.610377463951366 2.149103675091352
0.02664550934457799 0.1214966142950713 1.3721373571288986
0.8449113661580585 3.3460473847495416 6.2081617242193685
0.22914489261534254 3.900310667716356 9.69024584832045
0.07862398090696476 4.656548848431349 4.202409021000162
0.5229312755604543 0.9746938194757115 5.564251905329574
0.6281032470805585 2.6432283110785306 3.0481407743974662
0.985503781546714 3.5558413135299363 5.410115879785523
0.5628931744683654 0.1717272361029043 3.619406715372145
0.7397664958169167 1.8866436197543413 7.622373749526037
0.7960792492077741 3.7086929365970533 1.2235074202039276
0.9048051955843871 2.5171584543974044 5.858568626848474
0.5517604313412582 0.6683296790903109 1.176787354408625
0.9799553301867534 2.758976955773267 8.215983011380047
0.9960375395018657 0.8970185776304512 6.998243083026667
0.48337748099071565 4.197318243472816 7.397025887112537
0.1497066820261973 2.5274164563091213 1.6581577904091538
0.8012646667074281 1.3427995159239803 5.650278067450639
0.14243130256176884 1.7448722258575207 4.818267787347499
0.5564716263019811 4.271304576326289 8.254267760099385
0.0338207490760436 2.969860944162454 8.559029831492715
0.0006154160130197317 3.9605444637154292 8.150631209749353
0.09904453466205265 2.339013497851961 5.521817320673029
0.07161553622462702 1.3720322506142335 3.685669807995274
0.00577516584890192 0.1090753107736625 4.527383926220331
0.6770100511572631 4.574717806975897 3.948053965627134
0.28681148783357746 2.785060065866665 9.42415784474653
0.9080716486304382 4.5127352693905625 5.374342842253869
0.7802762862321431 1.7467988581490823 6.133700103586301
0.3351413317561108 2.647106310775898 5.356824156941035
0.2866274852713693 4.2428834777557185 1.5426683926343676
0.47550572962256554 3.9383994332408063 4.895806358355684
0.2828830569343064 3.109254935628356 6.259926987824764
0.6030069010118987 3.7097129187356974 7.185730061646471
0.9430721977432459 4.861275668174094 4.278749288525349
0.43242714688942196 1.8395903360221633 9.889185382970787
0.46873030140706984 0.8722904361887168 0.9811159576760908
0.5292631968378335 2.346217109224056 4.785805631470874
0.06652270340841737 3.942897783958398 9.66566614856603
0.42545000267286515 1.2918330740954205 2.5723589683508683
0.33548045555472217 4.786556495433243 5.218932946357359
0.2784153533442987 0.7553198232687397 5.049512732196161
0.5677836713431763 4.527797547712996 3.2810806761270173
0.18320903118135068 2.0555276536128337 3.1110320311443873
0.9466777616470259 4.615707366774418 8.06839208561451
0.5744838005194302 4.097792566609282 0.5975903793662984
0.6214996696345921 2.7219526127358824 8.69687291710404
0.12400576967141108 2.4904063405178296 6.0761184123745196
0.5588895397413635 2.958463468160982 4.320550053274781
0.8227285072280706 1.1874074986091459 6.398750234254724
0.19569476485837844 3.6383461037833658 5.637694116413816
0.8706598063028527 2.8273705717917776 7.976375642505394
0.5990764569600173 0.05421448103137272 3.9280185225719566
0.5543872744601088 4.002092102387072 8.254388224493628
0.11504138389327234 1.615274955120849 2.900140537545026
0.4114356251629655 3.4482196859444474 8.099164570459507
0.9763783994274251 0.8916441461354346 1.6888129334718383
0.6384090059779924 3.299754580891249 1.0173153963589199
0.3255592433152509 3.5712930175519775 4.334669345801517
0.5164334472990713 0.006921695156761887 9.09442602915308
0.9466557425155921 4.030460988042215 5.274965749634677
0.37980640289141354 3.474427451250537 1.5938701854468051
0.529987409407383 0.5142110886731405 4.840294954081941
0.29963659216184024 2.1116244403391975 6.399475721004561
0.6431686940578633 3.9970834648405473 9.105372755689531
0.699566511546976 2.559082791384934 6.7737225557716885
0.5667060570096463 2.6910876115040354 4.845903570150231
0.3119462461734408 0.07150678287864476 1.279229701511776
0.7403972756530788 4.465405630327185 7.021115064334267
0.8781140083019293 4.767173985277216 6.214950966088716
0.7781333709965459 4.12728050182098 0.28307091027002684
0.9343387488883856 4.687282049308433 1.7187408367677193
0.6074912573024521 1.0529634202864413 6.951181802498847
0.8164860277887614 2.020829725685234 2.1229196438997713
0.08858674957197188 1.9984565138016253 9.917253391151325
0.3031315263196761 4.26543135323633 0.36943915999921195
0.4535201973697629 3.3546114047411346 2.931972782564163
0.2785406160214785 1.8510646088239162 5.857538259980151
0.5736467206220649 1.4104246986852387 4.752278694340459
0.35601410871970185 0.3109235703453156 6.915282722726149
0.03879122225883336 4.009217332233918 7.437189651851445
0.8004806986467081 4.096994316816146 6.6235231080487065
0.8749200087026504 3.211986393994941 0.9184594308878646
0.9222112009648716 4.0737707530873415 2.2770152471215797
0.030271954060864137 0.840192171596284 8.100017081870169
0.4838318995130858 3.0528978490729326 2.323438805144118
0.29711242990362596 0.23955282375174913 6.372737564241065
0.9888493871610444 4.713442519462285 0.5572148757521544
0.5327207455554034 4.78483058888381 5.74558859932519
0.6134651556656132 4.912475721008941 0.7294174111671947
0.5686769598727893 2.785615507960499 3.0905382781110458
0.2549142948171813 3.404621393666069 8.197282248830893
0.28688359341541236 3.490124433957889 6.036084708077233
0.25311506282483787 2.3418488335518712 1.7917446129258363
0.4279695604200482 1.0449593740394132 0.5550000361878005
0.7495725569223506 1.545006824619866 1.8190268868073078
0.5704702810578767 2.1485924331064252 1.541122947521124
0.16442905105864525 2.2089629091282 5.0833212775256245
0.22609907801684437 1.232701607692508 1.9772432881697755
0.07559783312424417 3.816163350540867 2.6710913972575856
0.3772211017697734 4.250782908961822 4.581552166545311
0.19276832512395625 0.7117760046023552 7.709972201755326
0.3685642093237359 3.4393283533356516 7.056848676255573
0.5841701218265425 4.955035786586091 2.099818167045852
0.0875745588118646 3.0878739148927377 1.77982812364741
0.44827275753015805 1.1741710448800824 6.760941446968376
0.7221089776518314 4.2322093190310355 3.154427498946096
0.2230683122693108 2.7773030163391277 3.4094870903707175
0.2839333676998659 0.4875992713520777 9.49624737137149
0.9580721881799965 1.5800316513759072 7.105929365575829
0.49609033249392476 2.9132786308675476 9.100826342221069
0.16757054659662074 3.013325286688791 9.982952591849836
0.8302556613460429 1.33856578364083 0.6273216551082472
0.7471421686768699 3.433139882456798 5.8730835126351675
0.1749677141154553 4.3361229882286185 0.5079559114398824
0.5080685996457605 0.26374796463161543 7.879017008184881
0.5596976142608954 0.7960995555513567 3.827021995362645
0.22524057200664938 4.258921342592329 1.7230915397620405
0.9991544083248465 2.0962431203405565 5.749905922539513
0.5980395547575029 1.0230483655533291 6.429920629141618
0.6696066887331732 1.3783519912879272 2.99334290019992
0.5619107119293234 4.8751889530881245 6.727732059807257
0.015817519554736426 0.7661298239857844 4.154238596844939
0.9174415133575299 0.4567346428610686 7.502120180962121
0.3223157263960241 1.0191530962935418 0.9515015935326676
0.08362731837572046 1.4501204325251826 8.388775043812599
0.045518902173535936 3.3213188977305945 3.3112021644216005
0.22395405287788928 0.4680156621194065 9.348241597900058
0.8995015347875265 2.7492714507554545 3.911809334649284
0.9643727692498798 1.751591050301231 3.8842692494881046
0.33873802431168676 0.4944708524223318 8.068551399389603
0.7832516523234092 3.4680373177396944 3.554774922487697
0.17072766263450767 1.7829607212139587 2.3457474764454522
0.8600600319572257 1.8047317488735004 9.766215955436111
0.3359005600692906 1.9959033039347855 0.5921365061471495
0.8792175463167557 3.1169318106675776 6.769647352780151
0.9985966385808965 1.454747368553257 1.836308297699416
0.8940453273394824 2.614721321735294 3.2597601216029526
0.9588670340738189 0.784859316787333 9.684276843292597
0.7638088596959335 4.776094176077778 7.173325684212486
0.7538178094290915 2.0091875005621014 6.253565212910718
0.6830547185508602 2.0805826725602454 7.684179665424189
0.13535416166475478 4.19277198395177 9.038893223071602
0.03515275239897886 2.7803202214541494 0.07811417210910943
0.7073272923338281 0.22135693740278795 1.136080840732866
0.6834210772635767 2.6774607025570636 6.9841901709272625
0.8811920552116967 1.589750342472196 3.8199592005529337
0.43083748729643023 1.5088118979347587 3.5701824725242446
0.22108317336967442 4.485622924401404 1.2377549730814696
0.7608778318779342 3.407574703821223 9.736137916659423
0.3168956981335005 3.583450201974162 1.8425490824016555
0.7871932043748342 3.349296676224447 2.831287583417793
0.9459909704259247 3.5341875344441953 7.5814162856218745
0.11734955250818835 4.943340257322043 2.8165547107855016
0.9683015770358915 2.2705098013874627 8.639744897216737
0.47433793544334224 2.6305745932078892 3.3370851893240894
0.7246814098501667 3.978222971634755 4.776532753645385
0.5027042780118298 4.558885210314804 6.415076996720792
0.04524421423766578 1.26511588319324 0.7880469235115672
0.3142840975102842 4.426543337845293 9.520797927065992
0.47296413271424387 3.1150650255207877 8.265883444870916
0.2924999148863554 3.064679702896064 8.749748575306796
0.7192203210987886 2.5492372435728186 3.147117834412183
0.8460789078667617 3.1502146715963217 5.625438801078554
0.26415745899900944 0.0963668574716775 9.103373280881513
0.16990091371245086 1.5907260263801482 0.6904524121401134
0.6237111066282428 0.7715598057572232 6.6312913840286845
0.8631164995930564 0.5145171892213307 2.099221842237746
0.35083710024057724 3.799670992860118 9.254816667691166
0.3940865741564843 3.3890298483726506 7.0512993209406805
0.6568291914633483 2.5902929518274744 2.783677013122924
0.2040135901377672 2.208086569107973 6.244685147705454
0.18068945410428727 4.826945683260241 9.433827997263897
0.33723686946691844 4.483833570613179 9.787050286485993
0.9614842678462886 3.845580224332064 2.737360926895115
0.31874367567452544 0.19022733037833972 7.453326569347915
0.5878557614758403 4.191748962534121 1.0488947532878312
0.7364117193740941 1.7913393358139102 2.860227421537911
0.7644253273843135 3.5277353927869304 7.970311659553814
0.7847943066167639 0.033617814232608234 0.14755301644400753
0.8880232124214159 4.965901505802371 5.705768587065046
0.5709459384401643 1.984554522266892 0.051497020832339535
0.6735654911332882 0.8981239804841212 9.064535025635262
0.6264489200766735 3.3084697528783154 3.914486106820002
0.25445473102829075 2.3526152331371497 7.289708158511605
0.18997902784064513 1.6847021380738703 6.201403375896768
0.49909129573530786 0.5901369361592296 8.332364712673025
0.4206470153374986 4.923038468549379 0.5487728558816651
0.7351831225717009 0.5356545673228075 1.802460452326432
0.3466410120162645 2.502114617797589 6.006362691726203
0.18679056941008665 2.7150619958381306 8.134496263437786
0.16826972553955455 1.1767118355751487 8.536988695873609
0.3643140543720448 4.974421759730098 8.69727760675788
0.7170460508928409 2.195746788614956 0.7892041356458157
0.30225448198565397 0.8287172033691342 3.002776894573093
0.14237782653295095 3.657618928355242 7.1631739100002605
0.7094523675144957 0.13521279014126975 3.4450455629167234
0.30227165028457714 2.3408639591640377 6.525680367024704
0.8027490529785658 3.5930374678893964 1.6124209184599503
0.35874027852089063 1.4482520184840753 3.4837831817806295
0.6641517223941149 4.317751820270734 1.9660129144254224
0.7259759980423096 0.4377476010657305 7.057917782223572
0.663226506106754 1.9656443821126068 4.816740746015493
0.48257263054813593 2.3950883502008 4.366847282198285
0.3752848415628073 0.49186785600848715 2.455339129995613
0.6430371396307362 4.451672741777802 8.014995309591304
0.6397586533495467 1.4702002748699328 3.60314091338462
0.5899622302505467 3.069159957835051 3.3956784937417805
0.19733522187152797 1.4563014668355545 9.371222767396265
0.3110538158799051 1.9584046620078492 7.915532023508408
0.4266353141749798 2.6621541759694707 1.5045168133804998
0.03795654333141696 1.4398216226772786 9.012820938245639
0.1838057911140919 3.2034679512546465 8.22316003348712
0.22539714848206638 3.433009501268511 8.471237901394307
0.6297820301343938 3.119429056548438 6.58734402834761
0.5246605291198599 0.044065575940072654 6.996395501838468
0.2690384552173831 3.830098804581284 7.218201927430804
0.906610251620923 3.048016618549156 5.545135655775145
0.37984097745791723 3.009666755865283 1.5474329368725048
0.9028415380518606 2.188720809563079 3.386500449560328
0.02468364869328954 3.8330095271554216 9.845880729974253
0.9250757549763868 1.1389532579169086 6.824957091462957
0.3589620464313006 4.5568844315936765 0.0056057534138653775
0.33198559467853184 1.4813473728972382 5.868344734072702
0.07440963686976676 1.6192014557601853 2.173252271652549
0.4217679057093864 1.3600028936609694 8.283803974595017
0.08685025034345994 0.6356411395651146 6.049811974857092
0.5422600021693155 2.6702379081676577 3.5280362767970175
0.24903912694918062 2.218065978718267 9.496261248097909
0.5767540473221808 2.4231660659175427 9.523183667976186
0.4597508412374318 2.1492353543831517 6.871237848622057
0.1510570458787287 2.672260233590451 2.4122683753257212
0.7241583002259816 4.468699316728893 4.0057988682143435
0.5434464052963228 0.8369261635787145 9.159347429187614
0.12155524625884961 4.699189090771845 8.676575361671555
0.2936004511749567 2.2307111404991495 1.8531275869250674
0.43552940895655756 4.464636641874561 1.8458460721210523
0.7606944856964416 0.6049691223916448 5.482986256044581
0.6194841147107867 0.85406665606998 7.286776044694008
0.7293119294256938 1.5311687585336102 9.70758587617322
0.9267426874089452 1.2551420352226772 5.632002265083215
0.1815380799242411 3.4785512368679505 6.74573482374436
0.6942884493403525 4.747072409909535 6.071444939986245
0.047653417503633166 4.2017866838161355 7.912199360400543
0.02575659279990683 2.116911624425097 5.846104831315461
0.1757171627261307 4.871324939726936 2.2769865359451478
0.9064202543102589 4.6862083997587485 4.149550133716114
0.8538852712073631 0.29047290569600537 5.745965907079746
0.13650692265047681 3.949996318521853 0.183401077698353
0.04968119711683705 1.9774698517701972 9.47366307328675
0.9801558798301179 3.4957971756979918 1.4115660965282495
0.9194488447199437 2.5605599656625646 7.746047332558574
0.5021460946272299 0.6846139678448548 2.3066514175571995
0.1553997304053697 0.7403787138212287 9.303987690629151
0.768482011329137 2.388909936084889 3.363610793487708
0.9890407121857998 3.3007543436680398 1.7831142450818027
0.7984583630758516 2.0071199872472474 3.567452298985221
0.7168690494010721 3.904609059970584 1.0541751007569233
0.08374488268699742 3.933798243008254 9.785622602214803
0.5416056340800361 2.3254477570066645 7.35791684082832
0.8932602244524083 3.5389275805085245 8.345813647304686
0.3961590298269281 2.846162705440658 7.771274283331495
0.5699287142221037 3.360992286442844 4.448470123166441
0.14565854502211917 3.9824294191375467 7.6252091864325475
0.16581059163054457 3.680961982101296 8.662747241695406
0.43813674359835353 3.36760156850755 5.650143562525408
0.4914756409299347 1.1808750149090896 7.415185900647834
0.17715608580955233 0.3574899892536826 0.17802755938105652
0.9124967132770244 3.1565193261098035 5.995978488526594
0.6487257739391009 3.309363974952786 6.822695752726321
0.4968042389406784 3.5026583043476265 3.497502722994892
0.56840853093973 0.8529699956864956 6.784754503847299
0.03253865026333713 3.0723122872665214 7.701627040832891
0.2868382980394887 3.7021223602199873 9.70387812369345
0.6311622973943446 4.807169437233786 1.126867553943307
0.7575704930161407 3.872744526097969 8.825213675856778
0.7617126951050852 0.1968202509204836 1.5405903922604935
0.7704819421547516 0.06179037298230494 7.90566268440106
0.9916644173216894 3.757198733955438 2.3037075751638025
0.6873405392042048 0.3283608055872639 4.357047285265081
0.6863019080928751 0.2940053775668039 8.078384599118444
0.34489854375006435 3.792685136282162 9.589861292440991
0.4566106247844678 0.09438764554904 2.8839492283946875
0.6757919887085058 0.6310204757351556 2.0016847076637614
0.9790996775737917 2.4977462572927105 8.178491954757073
0.9674507867914937 0.9208852203358309 1.499992242478051
0.5794423017496173 4.699614525668317 7.563748694524854
0.058492409079530905 4.596577044653948 0.2619879352700827
0.6890949071072349 4.169199957002027 4.773668699627098
0.645429642600516 0.8380764939597762 7.2027624018973
0.9584880155603741 4.656093784121377 0.28012014653747586
0.9537098649748426 2.7925587344901803 9.602959663618288
0.00889308881398021 3.8547300113617986 3.807354557122602
0.014629136737533743 4.968696230107915 2.370146996158594
0.05202521617355893 2.239363828610637 4.408108294269506
0.3155946781216762 4.484165035986192 7.650760040215187
0.04847490640879992 0.8888099575151837 3.287988788589258
0.612516976282386 4.880142287465052 5.097452500077098
0.10070362395686971 4.911061500728087 7.146825149197753
0.5573068274410901 1.9348537384096065 1.8537164534434825
0.0688402188587196 1.038030457988126 9.861162627767694
0.317807263460406 3.8990731180106506 1.7174290305544504
0.4146480751764542 4.464667990612348 4.021428587913265
0.09462744346057539 0.25467104040411304 2.3795774399120373
0.5655636946526614 3.9279452910727652 4.592366263771125
0.5174110470960271 3.612188129409228 7.765387415051963
0.2459130431970481 0.5900868387782243 9.363790214145638
0.15857992302492518 1.6278491466100597 3.9167338509832272
0.018759985414751323 4.509158641056731 0.6672244553891538
0.9963017319828391 0.9670330196276711 0.8062329486751829
0.13478362157783863 2.3382392386341175 7.95026703565545
0.4381871900911557 1.0511533148436243 4.35959569112216
0.6263195175548987 4.529197211409261 3.4511818221248527
0.3876334390735592 0.6947971616346316 7.944540818854379
0.16141462191385259 3.919486793240559 6.53567406022153
0.6948068186349724 3.616041292632337 6.875296451418515
0.26920174056808366 2.9933258986560713 1.9218138862852796
0.8295619066859411 3.0040443509340706 0.6142354372120451
0.250608039695876 4.7295616963966 9.617327854086394
0.9650294915113735 4.669412775219076 0.8181077144946791
0.6551898084017334 3.7347112526897632 1.2769306399121827
0.1190483287016626 0.4342143521726205 4.2164043473088935
0.6075333449520977 1.9612388258377744 6.585406074806604
0.30156562365166606 3.9921156892957166 5.902197333001803
0.8930514385218494 1.7547799622364209 4.402722412422135
0.47630567066440566 3.5610452728241464 6.087203886531026
0.3429961208856298 1.4515400650594412 6.094585881181561
0.5158272016353582 3.8349270277615704 4.176293812908204
0.6256437033381664 0.8916353199873983 3.370748797348877
0.6856526630760966 0.24574955555118294 3.5067207001736875
0.5738936570167804 4.214051743970732 8.107465852973538
0.7785617386480983 4.876141858952353 2.8283615518977614
0.10850448912431998 0.2313882483789309 5.129177468398595
0.586058500204812 4.672329097477184 5.6527628706554385
0.1499702458359049 1.4976221954855529 1.9792582756024124
0.8032361239756606 3.296003554848594 4.801174443543511
0.7533301519646534 2.0444050713362234 7.616738211774534
0.9662662379825575 3.3395516593381096 0.4518522859959262
0.17505287412484927 4.874600647396691 2.7952947127740835
0.9367862538778229 0.6162099784465203 9.741952007822656
0.5585129386771908 2.2416764582877597 5.599089750686181
0.2532694864856444 3.0816419368182464 5.898948310185536
0.7079116508525256 3.9420374757460013 7.708187138031697
0.9914780321349923 2.488159661565439 6.1483235406898595
0.25037270758734886 3.4019621573589083 5.575663299297174
0.7292939215820894 2.5043478352939914 8.409791705775753
0.9415523212798843 3.419830631887217 4.459898893830113
0.5196486658436792 3.185620483197675 5.94979958919116
0.49262442103782245 1.8983847215030336 1.5551434546347742
0.5971080733842198 2.2945945810740747 2.273414235846575
0.0065018446027974575 3.4159436767509406 0.9643552689970125
0.8730099441685755 1.6172975435930685 7.943958323764459
0.11411325355719193 0.6932568972563469 3.232935308671603
0.284628628921772 0.9078108074465013 4.622419677064967
0.9371190233704152 1.1672236198746928 8.845407926935696
0.7163903253295827 2.0584486246685607 8.438534991365431
0.9591611045205337 1.6792364045292492 0.8528332768646407
0.49267889575316004 1.0372793388045343 8.48623244495178
0.7120315073971306 4.893667032031771 5.412472460277624
0.8161796583957305 0.9181565071836212 8.84289880205506
0.02165083857422423 3.190223360470788 7.095484104391586
0.6604321195788646 3.550687753700685 0.6134937522072259
0.09997444410929024 0.3281519523920684 1.308403091898801
0.3676295843505797 3.197515567275163 3.3729708404417313
0.7098736696165904 2.5998554966117764 0.7409720163377542
0.15577337943580205 0.49997545352963413 7.96073744428014
0.884141271471194 1.497988584338703 7.33176857421477
0.217653680766973 0.6841225211769919 9.5781648168814
0.7232792216099664 1.8867806203191821 4.777637080441359
0.9751810170209138 3.5640196272526397 6.35052074992121
0.7595134481187856 4.413311664702214 8.007289525148591
0.2490038685150865 4.1053708766310395 2.334174736799036
0.6400754788394979 4.236118310537415 1.269977711687228
0.6324955603299376 2.708019394463663 3.9540188589649428
0.253177902234887 1.3871557515495314 4.394493615371299
0.22573809383197796 3.8130352785010624 7.73280567520687
0.5119477533423992 0.1662010830521965 5.541160300104067
0.586311930231 0.24243155343531442 3.744366322516127
0.9392747194406559 2.1223530336924057 0.31193880541992014
0.04035400086814889 4.129839180818916 8.933403319468315
0.8875347147118986 4.306014828352236 4.8010851317447
0.3978686742534463 1.920210880142887 1.18793604757239
0.07092458307964356 0.4376873158088579 4.794528474583043
0.2157366648533543 0.7002190878041503 0.8664836099853956
0.47916087219606207 4.701678931933547 7.09501609129976
0.3429844737413221 0.012383541992243008 6.196024210621923
0.31455854568256325 4.740831644159319 6.494708124925831
0.4816636348394313 0.19270157487506212 4.430591123890515
0.451952842384417 1.80874913160741 2.9303806919343547
0.3306450132715193 3.891210463597487 5.503679935920899
0.5088158506516216 0.6699193813401294 5.554999205469584
0.3090316293798592 2.0347908227573357 8.498861466343099
0.019576255922331143 2.6249529471131607 7.770803927404964
0.051285327792134905 4.931486188359013 6.016301060931651
0.7632523523539556 0.9613086863327219 7.368256595211001
0.3851968428569966 3.4115137096932466 3.306581884868031
0.07299210379961785 3.324671728759623 0.6031729477949843
0.20551110460968458 2.2811431297162277 9.998960175251323
0.2424340612586695 1.2536557048636725 4.821598248113953
0.33942460692855425 3.608493450690287 7.807080729104053
0.5198142572610217 2.0235157164012536 1.4521718580077236
0.477537451438816 2.518012203569625 6.310058600393711
0.47128894674783306 2.110397420149051 7.70957104459071
0.6097831637138567 3.7824494500777646 1.162254922815693
0.7733839913868208 0.8073505093844979 3.836478519141673
0.16023683270955946 1.0262109338995073 7.9673019283119215
0.2639561877920048 1.9410687149172179 5.380563861128928
0.7768283215553069 1.7630120524751614 8.761851157605655
0.6983080541320266 2.2303580066486113 9.510576174618942
0.1248765728955723 4.860482328440986 8.05866461788074
0.4576366606896948 1.7900968983477117 0.4491748990981337
0.05118134241039429 4.67528841332591 8.442231033250584
0.6120469871810281 3.1526048897833023 3.1604047071855645
0.46988112220257783 3.7271651846555027 7.713584827879564
0.051256464931150436 2.565969015186644 6.422466304292467
0.8054006919762166 2.252295243684129 7.837038123970136
0.07424730230791587 3.598682190601898 4.304064659414691
0.2505234817335632 2.061785753763403 6.07362248335358
0.4245627168978907 3.753355711671373 3.4183167656941027
0.9013661300567539 1.5475481464880185 0.39040650640924657
0.0011803421227026822 2.3131618716712494 6.321241465587533
0.3064512274524659 4.8203400688034925 5.602497780887719
0.14864604877881937 2.9657118635047515 1.5093239648223522
0.0859196350200131 4.191734520555233 0.820584432857504
0.8527688369921618 0.7049051328484318 1.7006074061902188
0.1245652394598562 3.0213023291061143 2.46820155736873
0.1061492350172154 0.5612742367899665 9.99167324736
0.15728989477959 4.820361397841161 6.770753228320437
0.08777859036968516 1.337161196541405 5.805492940409903
0.06531696527882935 4.161096084330787 5.2292944655802
0.18752107524963024 4.998352725252028 9.645654091503715
0.6282481929276259 1.2432512620805036 6.455822430614048
0.736373865487315 1.2529012854068284 8.012303339390245
0.6680876435801048 0.7478722480581729 1.7651943415509241
0.6076675721535477 1.2092237748874501 4.824400064894856
0.235490805169271 2.394591673058431 7.547581477982719
0.3844249800043146 0.6063384476128431 5.20662218416406
0.16019166750809966 0.29610158205438386 8.044284622119163
0.8598671038979357 2.8042380150973125 2.6057174904388125
0.2562205681745938 1.1033257656832762 2.0072083288454436
0.9033906113041812 4.106475512274951 3.3813278837702643
0.5799034597372201 0.9961487576154437 1.7246625727074305
0.8874553315220759 1.9030299328401328 6.764948787042362
0.5125592883976661 0.7503243401421761 6.7815237586075625
0.5293029557057269 0.15759416496331558 9.780549742526732
0.9215714476984698 0.09987911857570198 0.8938833192269124
0.8198493614511605 4.840844376606205 5.769747424331934
0.28143113149185583 2.243997356057788 0.6942416032014942
0.6380030781039729 1.4173718781032858 1.0903606932934473
0.3618005895263442 0.2684172178577171 2.6617014631338156
0.35365849887000267 1.3938484263000945 1.951594811695191
0.5342378200415304 4.6174927511592285 0.03445002964086563
0.5928175878803132 1.7147631119424784 0.4486270637644052
0.14405130026369517 3.227001502943745 5.646519177292763
0.7996134663597653 0.3909567169042949 4.784339068953796
0.6394069470078309 0.39535397482714674 5.093104195518896
0.7279218125050386 2.8319856798944354 9.337109611126344
0.4600720453070737 4.4098355958636635 4.185755354204412
0.25383917282548263 4.998542236132955 4.836494104216636
0.24853680976075765 4.362733012430448 0.4262853891084173
0.4965306020732745 0.2866543458665477 8.260229648395343
0.8211233190039603 1.993828509453242 5.634854729191339
0.6053040871366864 2.5740864598003235 9.940729836527966
0.5789833371851821 3.721699682761284 7.828328885411433
0.23149916325356856 4.120243554983408 0.72740321552627
0.04466089234624293 1.5071992994360834 0.2221169195323358
0.29182450143017125 1.6323503314735173 3.213745118070671
0.6601380672225153 2.449394670964269 9.4169565570239
0.9027298436516228 1.5346190002060633 1.0871786427329155
0.8776429355555437 4.691719804193848 6.1799499500956
0.020549779280846447 4.933474760961879 2.9522625657585175
0.18847373130370804 3.6447739663905794 6.922648242338061
0.21228900964231068 2.6995870597734877 6.864429231118908
0.9362601596240292 2.5475537077171087 5.091293861528666
0.9382917444164999 2.3631949176161307 4.946372064843852
0.3442527244001321 1.1556769622574115 2.016713079183959
0.8263627829535825 3.836255523316967 7.752984789434638
0.29898697848539246 1.2087002412688737 6.692573673550024
0.7076277654295127 3.229250676325788 7.445471907140511
0.07496253512920059 2.815759473583339 4.362643506424054
0.7618775382180136 0.13562682337905585 3.0086143278544752
0.5421582815456211 4.368727508845799 4.066632103889867
0.9451354501732493 1.8850258475479675 5.852762860515751
0.08102958299043561 4.009711541907112 5.005292252150809
0.2673429862803026 3.438554751990286 2.516537261676597
0.7531280065060247 2.005944854206334 5.6012331976632055
0.7182200191846173 3.028198521196332 3.668370084267405
0.3480978824112064 3.403629966194754 0.8764245704194817
0.8307265523213239 3.307921928009038 8.397678450800791
0.4989821591191522 2.9646837779688653 5.528108230868954
0.21409757325198941 4.7251592197861445 1.4525565580055966
0.8264084071851686 3.9324409638197224 2.359358065822208
0.35490586204915064 1.6863216681753024 0.523589273581303
0.2567509366137236 2.2302796987815476 7.435083198565023
0.5953143193051815 2.2221291473252087 0.22885086560865742
0.22272228572681363 1.8803010469762693 5.638134635391782
0.9325950884489914 2.850323987881853 4.612462709971467
0.9061859455157552 0.35436525948667363 8.812453324532552
0.5153641425215604 0.2407977720631571 9.005531466673332
0.1163463864759916 4.462075973350114 7.684694159599868
0.23745572109757707 3.041009754169118 8.138598926071953
0.6401048179173172 1.0680724574069922 5.761543397026342
0.1563660299484385 3.6718615609185172 0.7934579065166569
0.7858127495483429 0.638232068356302 8.698575315081472
0.18800033018649798 0.18396869181158793 5.86362138259794
0.7930954584926817 2.3083644850449634 0.011075694349733656
0.89516811697814 3.340974416146657 5.42216570618447
0.8567200549217484 1.6959339641817406 8.192379304710421
0.17539163735022056 3.9822512775790737 6.942199263536306
0.33175276488224037 1.0633849082240148 5.9010051202488425
0.3583077626805701 0.9842124739779584 6.100416238491447
0.4120960796383988 0.46465275862276556 5.645102306497771
0.9956974212998921 4.585867295366688 7.543481087195772
0.5666138362886584 4.520321186617441 4.538288568798567
0.4826896176237897 0.7905140968550678 9.411384304789634
0.19114175545781464 1.0517542006467195 1.8502330023341151
0.687770194460496 0.2585213775046086 0.5260854889913469
0.3090855669378232 3.8855470418799176 2.9095054254586206
0.055733227010962505 0.7370615666388797 6.697479874428264
0.8522057448444345 0.03347909386454628 7.262571988099175
0.5485676536019903 0.9876500689850909 9.531782564604807
0.5966095672388174 0.48290153965992344 3.008707004040457
0.6307476533938087 0.4036316823392633 3.0936247366610314
0.3421494066316795 0.059942826250136694 0.9439160538193836
0.7012356263605092 2.2294964150535685 1.504658280156821
0.3452128198732133 1.4230081241380454 4.204898409664363
0.18386774873894474 2.578776221811136 3.415360892364112
0.9247179663753308 0.4357628523453744 0.5429384331893339
0.4026606551969687 3.9822382878120886 3.8588238853853274
0.9742694887341823 0.712148110136735 6.594996684929692
0.7461390342450948 2.994005510136252 3.713043491140511
0.18215549655785523 4.063188185098556 1.5873704137258382
0.6120515108118213 3.34458303234269 2.413040934204842
0.31813792729365853 4.141918248025691 1.0179715489645413
0.7660646772806459 0.38854132591232104 5.6022147868747085
0.8007539870993695 4.084794175234705 0.5812833089505642
0.19534797619533628 2.9957981297431173 0.5466305939453797
0.79022931158969 3.239794887276062 5.308888136123429
0.14865826106185986 4.820159710893516 2.275484481493548
0.31410261774813386 4.840836890743824 0.48053076899378877
0.8003028748137456 0.6235649177061031 0.13977909501612706
0.7283863042050067 1.9956601297621708 2.3586033567490396
0.8047684121532581 1.3028020644842964 9.674828338712578
0.51127021476056 1.5848693593451229 1.4597936447127402
0.07024187797790749 4.4198634159539365 5.057812809502076
0.9330752545415021 1.2108055259749895 5.978612200701651
0.57806055513018 3.5842980451572313 1.3630692868100702
0.8493749713857307 3.0800040673756914 5.305268191369238
0.1532663849964746 1.7453812457432871 7.885968443938058
0.7406826233543304 2.122184908666685 0.9248711575631829
0.2614677334325205 2.2745344825978355 9.60963834063418
0.24597220933878994 1.4863603913857815 7.8247595800473055
0.1306973772057709 2.8904536580562685 8.97034390218245
0.7649228798663653 3.1190069346838305 7.088378465252494
0.49950199962724273 0.5602357522024276 6.947692209866317
0.43933460138111413 3.604186166778072 7.871519538401087
0.32444842843305965 0.8928641658588932 2.5867111049664815
0.06807771087334324 1.0618636254229474 2.998894741994389
0.2601650165106877 2.8971177934500676 3.803590864341327
0.5756153358563075 2.4823699391669445 3.2254252659166402
0.832484545211439 1.6780984566060604 9.30956264934483
0.9611564764679796 4.702871483418772 3.278373932261921
0.9118682005038937 0.7108167885923311 5.839670247664534
0.9507307683943003 2.6975945700963395 2.131826804690733
0.7023676332069593 1.0326163103057096 1.3894282287256488
0.7329882970318331 0.1666246743757832 2.2768401150335404
0.17013811830437198 2.3558030436090096 1.3920911669332392
0.14595607841303904 2.2178446567721446 7.646866088144027
0.8476317174261118 1.127480798778893 4.624133637948582
0.5336098308728872 3.014085738985566 8.142116256710878
0.9023669883620006 3.564877767132477 7.1269408006046655
0.8081758882589056 3.9210390977907283 0.9882613542227581
0.2405412316242812 4.6342859684770845 3.8788395446987654
0.9261897363367017 0.2400721449294685 3.014850254272343
0.5055744256789264 0.623595463403821 0.9233014790053506
0.2953614930579689 1.0526906036384225 2.712375927297459
0.005355695524450255 4.537653273229188 7.7257367761522
0.8464217155542608 1.7092794416728223 0.8735002169406725
0.832512640007008 1.6469749853437672 2.314163501669173
0.10136557276344549 4.771632378681994 6.637887445365511
0.8367234232609596 3.4364491291583206 1.7901453393043931
0.1632169604536584 0.13634063326182055 3.3408072653718204
0.035821741553026865 4.400159025123157 1.836369958758407
0.5982171414637961 1.4819784813731796 7.490852157880945
0.9689443848664366 1.7130570523248356 1.358005805011776
0.2995508495195941 4.946672659264616 0.07652557351750855
0.6532963407372284 2.597214166785531 6.27994115293978
0.6151212260831631 0.13551321057449994 9.591073370729449
0.9633385525408459 2.188418348606189 9.814745373129476
0.8771854240295066 4.407394393988115 9.865895994482507
0.6456180046696643 4.54636841156386 3.77782016437346
0.4596586432575511 1.7332848122583866 1.530589982103412
0.2281920325461897 2.6767564154929007 2.3791279044467517
0.6593971093818587 3.767111366344186 4.2250034358850055
0.21289975070186873 2.0019187185403595 2.134607147640203
0.6134685565315917 1.631248443096243 4.372916453248016
0.6202973244319379 0.816934840139264 3.573164466850068
0.2568949312377181 2.533594177516813 0.22867501806566604
0.4680651693120149 0.44791700423986835 8.304041900012155
0.7987406040968562 0.4482746011585498 0.28400372689901254
0.6185559635629162 2.535394407724612 6.262005111954282
0.25041292382893854 2.616181448616527 4.12422462332911
0.9708330905339781 0.1413435189374107 4.888713575104379
0.9337692474839686 4.904958373644127 4.436675972458476
0.484307354894007 3.6912861631992495 6.62881950362621
0.5398482267832515 0.5333342819389331 1.543085340955066
0.042985014114927056 1.6173705128127414 4.278735635468624
0.08182124584321004 4.946770083774782 3.745485576270975
0.19571082442373644 1.5572307377644683 5.9855132426022815
0.24629280130543085 2.1822222766727393 9.154413006401182
0.41554475194110185 3.0600454739159124 8.05576763414899
0.6843589276157158 3.5392894070506964 2.9864911612144276
0.5599295082963849 1.9155729701860373 9.861250472657673
0.7810534264784704 4.347700227749371 8.581606977267256
0.40565986378620134 3.3477376898674853 6.688954224584274
0.04946095213253965 4.409289885176374 8.749605988605518
0.02107422669743031 1.740564932341122 2.3142793942406694
0.7782129035921849 3.905824678954255 6.545393370645215
0.7143235491107554 4.945189505356787 5.350013470066442
0.8715890121138881 3.011153578060188 7.300626545869523
0.22727967565115337 3.616822712203173 9.681321988617634
0.8117605426822816 3.0965102901888377 5.639001999997245
0.5355718360387541 2.771205692046323 9.633833787295336
0.5464050042979803 1.0392040447237743 3.334475626464214
0.9272549232249713 2.915716915389568 4.82674731234808
0.03792082901140492 3.334771906819199 7.320859547526728
0.20107187062446197 4.18292233267895 8.633960373039132
0.8892082058548255 4.7175937045671095 8.686793377789058
0.4429811085817381 2.757279298830282 5.352760509106394
0.9138067588657526 2.7159195441684743 2.1855527028053556
0.6400940363086565 4.05918589915029 3.157659394663328
0.6508327707445737 3.5862496430678545 1.6009328658089683
0.5242857927176742 3.5063492896226527 2.7070142480467387
0.3930079766220479 1.8750142598877628 9.367327103370538
0.3881457643988784 0.09332359633433929 0.9456186495963903
0.8062337209700784 3.671352452378553 4.5057946642313675
0.8820275768546304 2.7266964942885927 9.75440922687741
0.3223055572972513 2.7455275264012133 3.619769072696183
0.5499973948443992 0.6666190710663089 1.599025373457601
0.3088334689325788 4.409764395201717 1.5414208528557938
0.9432756162551533 4.444686383064019 7.479349570473638
0.8278195194538797 4.6975401056991455 9.254571405749921
0.1592269351624851 1.140970880739785 7.016880537956613
0.7890932612632808 1.7842733292592294 8.45913429877316
0.38543429099559456 2.010052754482608 7.3647928270020016
0.9964896289533173 0.9261724947861499 4.8239001578455785
0.005871645662620439 1.7638974834538212 0.17955840138789814
0.6885520266710218 1.2010496095212915 4.206266158303286
0.28816079016739815 2.9951185271060545 1.4425001342841581
0.9373315601000254 1.2728617156369415 8.300642913754249
0.8660157461956302 0.8546496628344585 0.11297107753077018
0.9383593151713417 4.410660989320229 9.224519696120533
0.34546893409817314 0.3775914593238272 7.200704934413804
0.5704643096212371 1.7360208768323382 9.427447837939448
0.0035561087086368737 1.0118662867280437 1.5965182623286633
0.08392296180962133 4.398455329711657 7.1311646811050124
0.15703549802891426 2.336865026891122 5.222376982298176
0.6685703625381529 3.8433737298881243 3.2307069651995315
0.9279837419357992 1.2674646287836955 7.222099054856792
0.9777865960675783 4.7163188211142835 8.963863127919359
0.968095803938627 0.7922634223405078 6.018199348616003
0.6997700824106191 4.482111234259084 4.570215605416124
0.7547905325882351 3.116001777170956 3.062626523220391
0.7591845516479946 3.176772352363943 5.413099645991839
0.6019474785896763 1.0573914082570535 6.906797882393157
0.8501609791095219 0.007011828571216738 6.586502797799316
0.20852880679498376 0.5321574572621668 9.209147598724165
0.06940891515155134 0.6216960611176664 1.0253427563638995
0.5261347351502955 4.138059874997382 7.193519990836923
0.9093614975171219 4.487280646729789 6.974318158961676
0.3701643569713522 2.414664201013204 0.261760222727101
0.16310959425159433 4.344604313770299 4.300844725711032
0.056885450575725915 0.6168596938647586 7.1969676313181274
0.3949920859147713 0.913431839563727 8.269336009891205
0.6479563952201292 0.1812578216888605 1.041605253544986
0.44935948318621466 1.735980867072357 8.76441437555487
0.7541255171278112 0.4153040480421366 0.258870206564622
0.30945582548300554 0.5536207370788948 3.158954277319318
0.9994082181146652 2.6563417337930324 3.6079409573130015
0.6220472692638568 1.966048466578616 7.203159287888487
0.24246696526955314 2.889939884411457 6.447989971633314
0.48652372060584037 0.1440825113552191 6.843378386572882
0.5966948164942224 1.2799643535974843 8.00895529410097
0.7041700776160521 4.778135498611624 0.28087205108003443
0.9580368614093968 1.6433331745629314 3.8797460114467675
0.9103255853736081 4.188805867761215 9.183852068857103
0.006009801259002079 4.066385297744422 8.859228972686116
0.7014583719700296 4.651730214159012 1.575910429923869
0.9446886213707301 2.7172642027995417 8.417649043020953
0.12149373956947951 2.2214936510579113 0.09461554865592525
0.42232206436454334 1.380002205554311 5.964296860950472
0.12089341828847444 4.242047557263606 2.0664443588477743
0.9398951745393844 2.187909475357527 3.2027762162749394
0.5655738813257746 1.712557926730272 9.75442943532286
0.5708668217842867 4.69088210122648 0.6113625483376561
0.5612804162176042 0.6060779499027402 0.15622956501227914
0.2888815062113198 4.553454600783765 5.7867857963044225
0.18174928527426548 2.385765234095011 5.849059652420526
0.4518607103418335 2.9676123259684277 0.37809969885914896
0.21122781351758002 3.2302438915792515 3.4012917760440073
0.6939929381570927 4.657457963057924 8.400553397204314
0.7311629400118048 4.773965630963065 3.7919377183571292
0.47481520082004847 1.9378933654824704 7.038687738663811
0.8176670329138265 3.9650541603765093 4.79192214109281
0.6184009010401631 0.8411896207785419 0.7239379715575467
0.7458287034535617 3.9986625859289733 8.731858765690475
0.5245909610628544 0.5636783567191689 3.6393965326322517
0.8173895200901842 3.545282638566887 4.295248143096461
0.3393611825907028 0.9431032963741798 3.8926318371408284
0.4824635869196253 2.6138526333964176 8.141259853179609
0.3740544664954941 4.194687773560633 1.346005668975051
0.19970491188418005 0.7045612130529716 4.017644632369095
0.8524787844969877 3.577447813247552 6.9496117989187915
0.42480527143503033 1.315741865234064 6.010440030320446
0.9118168716335778 4.956786861626305 0.42566976945361157
0.6559388229195414 0.8898119444716951 7.367532185659924
0.5983832501040123 3.197968687444531 6.554807807746565
0.00917069726946007 0.5399713184447347 0.7559394704786304
0.15335040847489667 4.707258839062552 4.251088900666971
0.525027636241308 3.195526119536657 4.326907155577634
0.3411792058845651 2.717826284515477 3.847715686546164
0.8864254724332563 1.9743132118098172 8.254405061432362
0.8184040521740851 2.8719693311115813 5.258576036333272
0.7491416890710072 3.836050285127076 5.298945888976369
0.6886146065441632 1.2704184331419226 9.401394702174382
0.5127282149527564 4.026124012866194 0.17321353509108794
0.43644288466102865 0.38718602050677065 9.486210361780435
0.07607616663673389 1.4225981765785183 8.253626463063398
0.9044846290539496 0.6212804467885674 8.558909378950677
0.2683643577648531 0.21999112146337374 2.043488359508372
0.77703244644862 4.700890011588057 5.83473984185416
0.4126307405750488 1.6514561245832315 3.7885141769090716
0.3197459531868554 2.2444984269020236 0.30031951401583323
0.9558014164673884 3.2618500907250625 4.9223857424147335
0.8189873647623277 0.10654165322417253 1.5743406581074704
0.7572420219687347 2.6646829289244858 8.424496860189077
0.752473801284329 4.830345294174748 2.180737026422853
0.7279611333596048 3.949836188329374 9.980398052583517
0.9985401084126324 1.9700445629782752 8.170206374767373
0.38623305448993517 1.320310831039313 2.7507450781767395
0.7006114906927668 3.0149028096577197 0.6480935156098799
0.3884558237824436 4.0272564408209055 5.590200465555792
0.8980183033593563 4.361148087878298 0.17658975513822006
0.36029715540666707 1.3358414853034777 2.850750066637321
0.40829683120140536 0.26185003564133946 2.6162437894601553
0.7821558984993711 3.3857855200030373 9.675098916552598
0.7841335206489812 1.6074458782101124 5.0615513681763495
0.14241215744136526 2.000676526914545 9.774721683595633
0.8302904557403245 0.7549243684862361 2.593235424199994
0.5205698870672467 0.7671808690688914 8.757054338265227
0.528158864448204 1.147440321521137 6.1852586784111
0.655215827445581 4.567822216344361 7.933895106918008
0.35812635232338685 1.90229281253115 0.9874644454277892
0.7867210625032228 0.7410326440171211 4.320180546694522
0.004899792052975416 2.321614047145482 1.3437155623014596
0.05023796992475216 4.398225438827659 8.855051774341506
0.1617198313881174 4.742856438939771 8.141466578706794
0.35796942859441705 0.6961217929706298 8.575113568739036
0.23598639984903846 3.85565679066732 4.418304487134188
0.1585933633634129 3.209802145360241 6.971615613513561
0.9915005266302189 3.1669001038122753 6.277803186572407
0.038660707330045674 1.8611060810219855 5.55727314178717
0.6148213065726278 4.960944645281877 6.10704320555576
0.5104770182445643 1.8618854454806217 2.228875945640704
0.7724091340404405 1.312454740849014 7.245622234465575
0.22887834833622178 0.46000657973905845 6.804382065395043
0.4049246793315816 2.652574767874172 0.07071648964929955
0.6144740254099582 4.299210823294523 4.127451367520472
0.7885001347814655 4.5030071751243455 6.637494957085618
0.9087561900706089 2.8961124890582117 1.2876421701477259
0.877277170162914 0.2403162682550014 8.6141981375679
0.30395210678704376 0.12770529336409486 9.936716966453755
0.29517078079034564 1.0325460269384386 0.43400538921369747
0.6207881233804605 1.3184608717560926 1.0957222156000046
0.10785751517312492 4.633046854218355 8.007235868827468
0.7296034426550125 3.807601901793438 5.951438368094335
0.4312266983426275 0.687926597054605 8.111269454552486
0.10573540926438285 0.5399011698830869 2.0922254223594328
0.12802415050919724 4.50989846814264 0.12964584555444358
0.44860622830256824 1.5720505757324714 4.503208974573932
0.8403304008809421 1.4051988702791136 2.884205987727937
0.5950839835411806 2.1142920184561613 6.2709568474129265
0.89658651082719 3.9169047241052186 8.145183082677189
0.012961857898237672 4.807399602545555 4.567061541951677
0.9456348864859861 3.4699794350966613 8.682987979181672
0.8256131884667699 4.533458714509353 9.485794258130282
0.927564201562853 1.37555713993455 0.8386420595045985
0.021166001465079853 1.3659534708714056 5.114512463742656
0.6109895728920074 2.9860902117070207 1.9006237991751862
0.558140602565118 1.152282082010046 8.173127915985782
0.6215426885740756 4.6621283072255 0.5956060451728296
0.5712011831542345 3.5838914410752896 7.603384234748973
0.497124665269037 1.4316052945980495 3.7972738870573397
0.8413763487745799 1.5460122397533853 5.495430742369395
0.21291436138783382 2.89436955370808 3.002800100991736
0.28724783796803843 1.9021470028150944 7.131181426685922
0.8830267613176153 4.553906439755237 9.926810358511238
0.7293228470078151 4.8548938741768195 5.3761888479850315
0.47240476274553755 3.5750611906292455 6.116547630725996
0.14954239843806405 1.2288812229676922 5.209194013599006
0.033161612404643104 1.1162142121179723 4.6664225500139525
0.48605784613630554 1.1021272454855524 7.074964901908192
0.37523014675715405 4.885185252355756 9.79607416281393
0.5796348595540671 3.4443599039679587 5.631014271504526
0.2554669577626728 4.291950056492821 7.728056785636723
0.8207671336892381 4.457149496147176 7.768372667927947
0.6194673216707008 3.817176963983422 7.780997629443462
0.8941032425387203 0.710045314924706 9.787422835261417
0.6379177145555018 3.8848800888781403 8.945567525793548
0.9058891793552559 1.4697218082207857 3.294906309101288
0.3168308654601715 1.0085828591486838 8.380579228074991
0.3094633716395371 0.38050885025700476 2.8373374794242165
0.4910950682870606 2.3773245365393643 6.615784329385924
0.4328736614990327 3.5739470872620434 2.5809375218618746
0.783255040899253 1.3622429336496138 9.783718752014916
0.00017212224382767705 2.2155654060922787 0.0803332197551343
0.00891380560467081 2.749966631766682 5.934279509469752
0.9713349186719519 2.129517913524921 0.2144224598991762
0.7476734449237018 1.1055080476065515 9.398782495397036
0.07224906698501044 3.560033412738584 6.5932067864744335
0.5650979905821413 1.2419260035375779 2.505107663940911
0.11952669526940163 1.5708406805487156 2.4182152349605923
0.874103498455776 1.3850382826688423 5.780514364107768
0.6021185478877917 1.1766594367536054 1.2392537886798105
0.45770011011317646 1.259548166959018 2.6031925069150597
0.38879441524440506 2.9463850570897026 5.24491262482087
0.8643706952038218 0.7719601652349362 7.370251509840353
0.49647311391291515 1.8189041164367077 8.877002551832591
0.7472551880268521 1.306730154533512 2.1608393712768423
0.6226022565972323 4.473868672701126 7.554728636965235
0.012011224414799182 3.0057389752689145 2.009080269004163
0.7685689088481933 0.10924533595246255 8.936494242538709
0.10812156150469632 1.8841164331044047 1.7240493998002981
0.5034046919043992 0.6524536938101538 4.619650128368063
0.9080444645298202 0.116990279075323 3.4355580124014007
0.1875144620391721 4.103413962019193 5.686785710455286
0.9580708692589782 4.6487246814780985 2.328933760358548
0.21137199361117598 0.45210668759056993 4.998213300293186
0.7743829419956865 2.6495949142376345 4.6377710320769205
0.7277684499920684 1.767202207199548 4.6872336520759745
0.8317790746984993 0.609390324656488 5.94867438698831
0.07116951621020073 2.1690502911295804 3.8906944357126925
0.709211175512361 3.363921178745332 6.67044101321682
0.9097220476650016 1.7273891015884446 7.160836522105894
0.435843838357607 4.780779031163397 4.13252241154318
0.41209125712272987 4.026750761275655 0.5534961998228172
0.2740780657484946 2.5203367641418306 4.402998524888356
0.5563943716077778 4.284471274789236 8.909077954752943
0.7546107931323177 4.86876468914217 1.335547419263966
0.19330526232465395 1.8807684826208222 2.3103790274813942
0.8928632942986614 4.611916102915452 8.827216102384059
0.1425015146008356 2.913602522915602 1.0476548299445376
0.2807619740499875 2.7775331679341035 5.765831182420197
0.24897689701709658 4.836388801024967 7.377608249151364
0.38391098327570594 2.4954235655369263 8.646898662211361
0.13793025796633784 1.6943315570428963 3.2886330876667627
0.2575852202960913 2.5218562954963852 8.178184348181583
0.7387762380950319 2.6900295578587734 9.822917065867982
0.8384003264059825 1.759242156660633 9.56166395022219
0.6952329933633359 1.7110455138371679 7.852451847742418
0.25642096698769623 2.0838954032950987 9.037477149736983
0.40946317382907815 3.2504441456307047 3.2295196114917135
0.9078617659535643 1.8856545157868583 5.773922926511428
0.30527540554528754 3.1905390175260626 8.059547411619047
0.6413146309255485 2.4016365903544736 2.768895591886359
0.7826939332485897 3.6137258957845257 9.951353345423373
0.6884779835156131 4.035863409255524 8.650737155088459
0.9470052012804111 3.6847301499662772 8.704174320189287
0.347553558936718 3.298361198222886 5.785782507594672
0.13000159943479261 4.765651901879004 2.972775269201786
0.19625403597359425 0.48282365261974713 8.75770583027676
0.08049746740850261 0.34441602205186217 7.6080110522327455
0.7096250132836873 3.950181804448306 9.720450873416059
0.018711212321458337 2.2201547589077437 7.3377862081253085
0.02150227138120986 2.8294316976953313 4.338390601930023
0.4662255585650369 1.8918538907903897 7.158514118271517
0.033773882599134164 2.485188470141643 4.3349414347546915
0.5123065757769126 0.9374421033086344 7.395967887157457
0.5672379272516175 0.7439362675883882 8.919755833663102
0.20602623638920936 3.5249324069527512 1.334856834495598
0.04669708682410367 3.514027380640339 2.505721177563476
0.7849389575501275 1.8410929656366597 8.732860812486095
0.3437932870175381 3.226529085744425 0.004555336997129622
0.054917584642541484 3.2551604998444277 4.940207241398458
0.459599985724913 2.0021430025424625 7.489369126773701
0.8723151877437765 0.8870347750408963 3.1255057887627844
0.03202794841256906 3.1067562895298213 1.3334948663013213
0.5710235381733575 3.612507459634928 7.315268545728236
0.6456295501957903 4.4253775374926745 5.246740507535018
0.24422359894528367 4.39532548799289 6.206453762236061
0.3260428811552486 3.363688480027245 1.0705714578775394
0.2787696109968779 1.9512757875226294 8.623411320171918
0.7654076758530759 0.9281381382059906 4.542060684196484
0.8806804148159494 2.3726388811953907 8.996641829499655
0.8408901488147124 2.2242179178494883 5.137502390106254
0.5942652493552292 4.606597469155471 5.300877914550346
0.2658120636250809 2.795238274331176 0.6273349230542435
0.19965247151022325 2.7990646633508303 1.599213288833744
0.6190903756079369 0.26733320501320046 0.24355092153468094
0.9196975574062445 3.9562858942734347 7.040764863454124
0.1029194054201259 4.586469977246802 0.5851431891824554
0.7829544170284461 4.183901731933167 6.720847200006328
0.6237536441910545 0.7020283485592638 7.535773869482623
0.4255082426850203 1.1131719599259844 8.594951255028258
0.3880692708609669 1.3298102883603864 8.385295664939822
0.9840283938014904 1.7640202145461936 9.562921222436051
0.30139757484432694 2.165190727086588 1.247369297871489
0.803163162164239 4.18261156807146 6.3630326032788975
0.5456859568430604 0.16939703549767093 0.7880426467680945
0.41232707928325074 1.351350525633392 1.7833311281132547
0.6137357066499585 1.7477775489516838 6.4766536426777055
0.02612690840795784 0.7457397551318706 8.84976711302885
0.10053798955589677 3.2793691733007977 3.470284026051249
0.9080150348632804 3.828234212120569 2.733758239541019
0.2784939707996499 0.40211429776051744 9.423754287668991
0.6942382339343637 0.8246892229313524 8.98993051798816
0.0281715263876543 3.111878303127606 1.49129588666014
0.891369629097683 1.0691235995739183 9.606058753672311
0.22994745087827329 0.3549448310627268 2.5741360024571893
0.984866495564221 3.8707015547722143 0.1717268891443724
